simulation time done importing libraries:  3.54795384407 sec
simulation time start creating quantizers:  3.55174684525 sec
1: 0.0 
2: -1.2125888854772162, 1.2125888854772162 
3: -1.9736255100350042, 0.0, 1.9736255100350042 
4: -2.3950195524399454, -0.798339850813315, 0.7983398508133153, 2.3950195524399454 
5: -2.7031250270547234, -1.3515625135273617, 0.0, 1.351562513527362, 2.7031250270547234 
6: -2.9158345634670884, -1.749500738080253, -0.5831669126934176, 0.583166912693418, 1.7495007380802532, 2.9158345634670884 
7: -3.0971671276492905, -2.064778085099527, -1.0323890425497635, 0.0, 1.0323890425497635, 2.0647780850995265, 3.0971671276492905 
8: -3.273758445260574, -2.3383988894718386, -1.4030393336831033, -0.467679777894368, 0.46767977789436754, 1.403039333683103, 2.338398889471838, 3.273758445260574 
9: -3.277109765993903, -2.457832324495427, -1.6385548829969514, -0.8192774414984756, 0.0, 0.819277441498476, 1.6385548829969516, 2.457832324495427, 3.277109765993903 
10: -3.474226023169228, -2.7021757957982886, -1.930125568427349, -1.1580753410564095, -0.38602511368547, 0.38602511368546955, 1.158075341056409, 1.9301255684273482, 2.702175795798288, 3.474226023169228 
11: -3.490687148136846, -2.792549718509477, -2.0944122888821077, -1.3962748592547385, -0.6981374296273692, 0.0, 0.6981374296273692, 1.3962748592547385, 2.0944122888821077, 2.792549718509477, 3.490687148136846 
12: -3.5857309351934266, -2.933779856067349, -2.2818287769412713, -1.629877697815194, -0.9779266186891165, -0.3259755395630388, 0.3259755395630384, 0.977926618689116, 1.6298776978151936, 2.2818287769412713, 2.933779856067349, 3.5857309351934266 
13: -3.7139423585965803, -3.0949519654971502, -2.47596157239772, -1.8569711792982901, -1.23798078619886, -0.61899039309943, 0.0, 0.6189903930994296, 1.23798078619886, 1.8569711792982906, 2.47596157239772, 3.09495196549715, 3.7139423585965803 
14: -3.7340398409755955, -3.159572173133196, -2.585104505290797, -2.0106368374483976, -1.4361691696059982, -0.8617015017635987, -0.2872338339211997, 0.2872338339211997, 0.8617015017635992, 1.4361691696059986, 2.010636837448398, 2.5851045052907975, 3.159572173133196, 3.7340398409755955 
15: -3.793569361296109, -3.251630881110951, -2.7096924009257926, -2.1677539207406338, -1.6258154405554754, -1.083876960370317, -0.5419384801851583, 0.0, 0.5419384801851583, 1.0838769603703167, 1.625815440555475, 2.1677539207406333, 2.7096924009257926, 3.251630881110951, 3.793569361296109 
16: -3.8873920400001998, -3.3690731013335062, -2.850754162666813, -2.33243522400012, -1.8141162853334265, -1.295797346666733, -0.7774784080000399, -0.25915946933334677, 0.25915946933334677, 0.7774784080000403, 1.2957973466667339, 1.8141162853334265, 2.33243522400012, 2.8507541626668136, 3.3690731013335062, 3.8873920400001998 
17: -3.8878962605454523, -3.4019092279772707, -2.915922195409089, -2.429935162840908, -1.9439481302727262, -1.4579610977045445, -0.9719740651363633, -0.48598703256818165, 0.0, 0.48598703256818165, 0.9719740651363633, 1.457961097704545, 1.9439481302727257, 2.4299351628409074, 2.915922195409089, 3.4019092279772707, 3.8878962605454523 
18: -3.922703379151337, -3.461208863957062, -2.999714348762787, -2.5382198335685118, -2.076725318374237, -1.615230803179962, -1.1537362879856872, -0.6922417727914123, -0.23074725759713743, 0.23074725759713788, 0.6922417727914127, 1.1537362879856876, 1.6152308031799625, 2.0767253183742374, 2.538219833568512, 2.999714348762787, 3.461208863957062, 3.922703379151337 
19: -3.954774396698862, -3.5153550192878775, -3.075935641876893, -2.636516264465908, -2.1970968870549235, -1.7576775096439388, -1.318258132232954, -0.8788387548219694, -0.4394193774109847, 0.0, 0.4394193774109847, 0.8788387548219689, 1.318258132232954, 1.7576775096439392, 2.1970968870549235, 2.6365162644659077, 3.075935641876893, 3.515355019287878, 3.954774396698862 
20: -3.6275697959281983, -3.24572034372523, -2.8638708915222617, -2.4820214393192934, -2.100171987116325, -1.718322534913357, -1.336473082710389, -0.9546236305074207, -0.5727741783044524, -0.19092472610148414, 0.19092472610148414, 0.572774178304452, 0.9546236305074203, 1.3364730827103886, 1.7183225349133568, 2.100171987116325, 2.4820214393192934, 2.8638708915222617, 3.24572034372523, 3.6275697959281983 
21: -3.78143074920791, -3.4032876742871188, -3.0251445993663277, -2.647001524445537, -2.268858449524746, -1.890715374603955, -1.512572299683164, -1.134429224762373, -0.756286149841582, -0.378143074920791, 0.0, 0.3781430749207906, 0.7562861498415816, 1.1344292247623726, 1.5125722996831636, 1.8907153746039547, 2.2688584495247457, 2.6470015244455367, 3.0251445993663277, 3.4032876742871188, 3.78143074920791 
22: -4.0595956107451165, -3.6729674573408198, -3.286339303936523, -2.899711150532226, -2.5130829971279294, -2.1264548437236326, -1.7398266903193358, -1.353198536915039, -0.9665703835107422, -0.5799422301064454, -0.19331407670214862, 0.19331407670214773, 0.579942230106445, 0.9665703835107422, 1.3531985369150386, 1.739826690319335, 2.126454843723632, 2.5130829971279294, 2.8997111505322257, 3.286339303936522, 3.6729674573408193, 4.0595956107451165 
23: -4.057576372828301, -3.6887057934802736, -3.319835214132246, -2.950964634784219, -2.5820940554361913, -2.213223476088164, -1.844352896740137, -1.4754823173921094, -1.1066117380440823, -0.7377411586960552, -0.3688705793480276, 0.0, 0.3688705793480267, 0.7377411586960543, 1.1066117380440819, 1.4754823173921086, 1.8443528967401361, 2.2132234760881637, 2.5820940554361904, 2.950964634784218, 3.3198352141322456, 3.6887057934802723, 4.057576372828301 
24: -4.106692388141213, -3.7495887022158905, -3.3924850162905673, -3.0353813303652446, -2.6782776444399214, -2.3211739585145987, -1.964070272589276, -1.6069665866639529, -1.2498629007386302, -0.8927592148133074, -0.5356555288879843, -0.17855184296266158, 0.17855184296266113, 0.5356555288879843, 0.8927592148133074, 1.2498629007386297, 1.6069665866639529, 1.964070272589276, 2.3211739585145983, 2.6782776444399214, 3.0353813303652446, 3.392485016290567, 3.74958870221589, 4.106692388141213 
25: -4.134413588951853, -3.789879123205865, -3.4453446574598776, -3.1008101917138897, -2.7562757259679023, -2.4117412602219144, -2.0672067944759265, -1.722672328729939, -1.3781378629839511, -1.0336033972379632, -0.6890689314919758, -0.3445344657459879, 0.0, 0.3445344657459879, 0.6890689314919749, 1.0336033972379628, 1.3781378629839507, 1.7226723287299386, 2.0672067944759265, 2.4117412602219135, 2.7562757259679014, 3.1008101917138893, 3.445344657459877, 3.789879123205865, 4.134413588951853 
26: -4.173800809710234, -3.8398967449334154, -3.5059926801565964, -3.172088615379778, -2.838184550602959, -2.5042804858261403, -2.1703764210493217, -1.8364723562725027, -1.5025682914956842, -1.1686642267188656, -0.8347601619420466, -0.500856097165228, -0.1669520323884095, 0.1669520323884095, 0.5008560971652285, 0.8347601619420466, 1.1686642267188656, 1.5025682914956846, 1.8364723562725027, 2.1703764210493217, 2.5042804858261407, 2.838184550602959, 3.172088615379778, 3.505992680156597, 3.839896744933415, 4.173800809710234 
27: -4.147174108748857, -3.8281607157681754, -3.509147322787494, -3.190133929806813, -2.8711205368261314, -2.5521071438454506, -2.2330937508647692, -1.914080357884088, -1.5950669649034066, -1.2760535719227253, -0.957040178942044, -0.6380267859613626, -0.31901339298068176, 0.0, 0.3190133929806809, 0.6380267859613626, 0.9570401789420435, 1.2760535719227244, 1.5950669649034062, 1.914080357884087, 2.233093750864769, 2.5521071438454497, 2.8711205368261314, 3.1901339298068123, 3.509147322787493, 3.828160715768175, 4.147174108748857 
28: -4.243598407990861, -3.9292577851767234, -3.6149171623625853, -3.3005765395484477, -2.9862359167343095, -2.671895293920172, -2.3575546711060342, -2.043214048291896, -1.7288734254777585, -1.4145328026636208, -1.1001921798494827, -0.785851557035345, -0.4715109342212074, -0.15717031140706972, 0.15717031140706883, 0.4715109342212065, 0.7858515570353442, 1.1001921798494818, 1.4145328026636195, 1.728873425477758, 2.0432140482918957, 2.3575546711060333, 2.671895293920171, 2.9862359167343087, 3.3005765395484463, 3.614917162362585, 3.9292577851767216, 4.243598407990861 
29: -4.224138006416686, -3.9224138631012084, -3.6206897197857306, -3.3189655764702533, -3.0172414331547754, -2.715517289839298, -2.4137931465238207, -2.112069003208343, -1.8103448598928655, -1.5086207165773882, -1.2068965732619104, -0.905172429946433, -0.6034482866309556, -0.3017241433154778, 0.0, 0.3017241433154769, 0.6034482866309547, 0.9051724299464325, 1.2068965732619095, 1.5086207165773873, 1.810344859892865, 2.112069003208342, 2.41379314652382, 2.7155172898392976, 3.0172414331547746, 3.3189655764702524, 3.62068971978573, 3.922413863101207, 4.224138006416686 
30: -4.2799392402979315, -3.9847710168291086, -3.6896027933602857, -3.394434569891463, -3.09926634642264, -2.804098122953817, -2.5089298994849942, -2.2137616760161714, -1.9185934525473485, -1.6234252290785256, -1.3282570056097027, -1.0330887821408798, -0.737920558672057, -0.4427523352032341, -0.14758411173441122, 0.1475841117344121, 0.44275233520323454, 0.737920558672057, 1.0330887821408803, 1.3282570056097036, 1.623425229078526, 1.9185934525473485, 2.213761676016172, 2.508929899484995, 2.8040981229538176, 3.09926634642264, 3.3944345698914633, 3.6896027933602866, 3.984771016829109, 4.2799392402979315 
31: -4.307711494686265, -4.020530728373847, -3.733349962061429, -3.446169195749012, -3.158988429436594, -2.8718076631241765, -2.584626896811759, -2.2974461304993414, -2.0102653641869237, -1.723084597874506, -1.4359038315620882, -1.148723065249671, -0.8615422989372532, -0.5743615326248355, -0.2871807663124182, 0.0, 0.2871807663124173, 0.5743615326248346, 0.8615422989372528, 1.14872306524967, 1.4359038315620882, 1.7230845978745055, 2.010265364186923, 2.297446130499341, 2.5846268968117583, 2.8718076631241756, 3.1589884294365937, 3.446169195749011, 3.7333499620614283, 4.020530728373846, 4.307711494686265 
32: -4.354397294264554, -4.073468436570066, -3.792539578875579, -3.511610721181092, -3.2306818634866046, -2.9497530057921173, -2.6688241480976296, -2.3878952904031423, -2.106966432708655, -1.8260375750141677, -1.5451087173196805, -1.2641798596251932, -0.9832510019307055, -0.7023221442362182, -0.4213932865417309, -0.14046442884724364, 0.14046442884724364, 0.4213932865417309, 0.7023221442362182, 0.9832510019307055, 1.2641798596251927, 1.54510871731968, 1.8260375750141673, 2.1069664327086546, 2.3878952904031427, 2.66882414809763, 2.9497530057921173, 3.2306818634866046, 3.511610721181092, 3.792539578875579, 4.073468436570066, 4.354397294264554 
33: -4.512245173019338, -4.230229849705629, -3.9482145263919204, -3.666199203078212, -3.384183879764503, -3.1021685564507946, -2.820153233137086, -2.5381379098233774, -2.256122586509669, -1.9741072631959602, -1.6920919398822516, -1.410076616568543, -1.1280612932548344, -0.8460459699411258, -0.5640306466274172, -0.2820153233137086, 0.0, 0.2820153233137086, 0.5640306466274172, 0.8460459699411258, 1.1280612932548344, 1.410076616568543, 1.6920919398822516, 1.9741072631959602, 2.256122586509669, 2.5381379098233774, 2.820153233137086, 3.1021685564507946, 3.384183879764503, 3.666199203078211, 3.9482145263919204, 4.23022984970563, 4.512245173019338 
34: -4.33663335911693, -4.073807094928025, -3.81098083073912, -3.5481545665502154, -3.2853283023613105, -3.0225020381724055, -2.759675773983501, -2.496849509794596, -2.234023245605691, -1.971196981416786, -1.708370717227881, -1.4455444530389765, -1.1827181888500715, -0.9198919246611665, -0.657065660472262, -0.394239396283357, -0.13141313209445205, 0.13141313209445293, 0.3942393962833579, 0.6570656604722629, 0.9198919246611679, 1.182718188850072, 1.445544453038977, 1.708370717227882, 1.971196981416787, 2.234023245605692, 2.496849509794597, 2.759675773983502, 3.022502038172406, 3.285328302361311, 3.548154566550216, 3.8109808307391217, 4.073807094928026, 4.33663335911693 
35: -4.012795822046995, -3.7767490089854068, -3.540702195923819, -3.3046553828622307, -3.068608569800643, -2.832561756739055, -2.596514943677467, -2.360468130615879, -2.124421317554291, -1.8883745044927034, -1.6523276914311156, -1.4162808783695273, -1.1802340653079395, -0.9441872522463517, -0.7081404391847634, -0.4720936261231756, -0.2360468130615878, 0.0, 0.2360468130615878, 0.4720936261231756, 0.7081404391847634, 0.9441872522463521, 1.18023406530794, 1.4162808783695278, 1.6523276914311156, 1.8883745044927034, 2.124421317554291, 2.360468130615879, 2.5965149436774677, 2.8325617567390555, 3.0686085698006433, 3.304655382862231, 3.540702195923819, 3.7767490089854068, 4.012795822046995 
36: -4.382766494236579, -4.132322694565917, -3.8818788948952556, -3.631435095224594, -3.3809912955539323, -3.1305474958832704, -2.880103696212609, -2.6296598965419475, -2.3792160968712857, -2.1287722972006238, -1.8783284975299623, -1.627884697859301, -1.377440898188639, -1.1269970985179771, -0.8765532988473157, -0.6261094991766543, -0.3756656995059924, -0.1252218998353305, 0.12522189983533139, 0.3756656995059924, 0.6261094991766543, 0.8765532988473161, 1.1269970985179771, 1.377440898188639, 1.627884697859301, 1.8783284975299628, 2.1287722972006247, 2.3792160968712857, 2.6296598965419475, 2.8801036962126094, 3.1305474958832704, 3.3809912955539323, 3.631435095224594, 3.881878894895255, 4.132322694565918, 4.382766494236579 
37: -4.347288472486437, -4.105772446237191, -3.864256419987944, -3.622740393738698, -3.3812243674894513, -3.1397083412402047, -2.898192314990958, -2.6566762887417115, -2.4151602624924653, -2.1736442362432187, -1.932128209993972, -1.6906121837447254, -1.4490961574954788, -1.2075801312462322, -0.966064104996986, -0.7245480787477394, -0.4830320524984928, -0.24151602624924617, 0.0, 0.24151602624924706, 0.48303205249849324, 0.7245480787477403, 0.9660641049969865, 1.2075801312462326, 1.4490961574954797, 1.6906121837447259, 1.932128209993973, 2.173644236243219, 2.4151602624924653, 2.6566762887417124, 2.8981923149909585, 3.1397083412402056, 3.3812243674894518, 3.622740393738698, 3.864256419987945, 4.105772446237192, 4.347288472486437 
38: -4.436642555368737, -4.196824038862318, -3.9570055223559004, -3.717187005849482, -3.477368489343064, -3.2375499728366455, -2.9977314563302273, -2.757912939823809, -2.518094423317391, -2.278275906810973, -2.0384573903045546, -1.7986388737981365, -1.5588203572917179, -1.3190018407852997, -1.0791833242788815, -0.8393648077724634, -0.5995462912660452, -0.3597277747596266, -0.11990925825320886, 0.11990925825320975, 0.35972777475962747, 0.5995462912660461, 0.8393648077724638, 1.0791833242788824, 1.319001840785301, 1.5588203572917188, 1.7986388737981374, 2.038457390304555, 2.2782759068109737, 2.5180944233173914, 2.75791293982381, 2.9977314563302278, 3.2375499728366464, 3.477368489343065, 3.7171870058494836, 3.9570055223559013, 4.196824038862319, 4.436642555368737 
39: -4.481045807294914, -4.245201291121498, -4.009356774948081, -3.773512258774665, -3.537667742601248, -3.3018232264278318, -3.065978710254415, -2.8301341940809985, -2.594289677907582, -2.3584451617341653, -2.1226006455607487, -1.886756129387332, -1.6509116132139159, -1.4150670970404993, -1.1792225808670826, -0.943378064693666, -0.7075335485202494, -0.47168903234683324, -0.23584451617341617, 0.0, 0.23584451617341706, 0.47168903234683324, 0.7075335485202503, 0.9433780646936665, 1.1792225808670826, 1.4150670970404997, 1.6509116132139159, 1.886756129387333, 2.122600645560749, 2.358445161734166, 2.5942896779075824, 2.8301341940809994, 3.0659787102544156, 3.3018232264278318, 3.537667742601248, 3.773512258774665, 4.009356774948082, 4.245201291121499, 4.481045807294914
